	task1	task2	task3	task4	task5	task6	task7	task8	task9	task10	task11	task12	
core1	527	1659	1275	800	1618	1069	1399	1058	1019	743	1621	1668	
core2	720	381	1049	1012	1234	867	1758	934	997	1234	1054	877	
core3	675	723	1534	1074	1265	1228	1292	1654	492	658	311	575	
core4	1712	1498	1590	708	915	1003	868	699	1073	1571	1538	1558	
core5	1750	1585	428	567	1043	589	1285	635	1797	1084	1132	1757	
core6	605	962	691	1548	917	482	1707	873	1717	407	1130	1267	
core7	630	1181	618	1443	1048	1010	716	789	1476	390	874	1279	
core8	1324	1178	1082	886	1612	835	818	1613	1097	1599	1536	1728	
core9	1115	1605	1223	1241	599	1755	1651	1558	624	569	1232	1082	
core10	450	1496	350	816	613	565	1039	1063	302	583	1381	407	

	task1	task2	task3	task4	task5	task6	task7	task8	task9	task10	task11	task12	
core1	1658	1455	1722	1330	1312	1314	1406	1668	855	1334	766	769	
core2	1176	1100	1409	341	1414	1731	496	326	1041	536	735	731	
core3	521	366	1633	1666	1436	819	663	971	1675	1352	1586	431	
core4	523	1543	693	778	932	635	875	677	1149	721	591	1671	
core5	672	974	1315	817	1647	936	1727	1231	1503	675	901	1190	
core6	819	1283	1156	1479	327	1499	506	1208	988	1345	789	1481	
core7	1090	870	808	1561	1510	1344	685	1795	1077	1395	890	864	
core8	514	328	502	553	1743	517	1159	482	1553	1331	728	1747	
core9	1565	1070	525	1557	865	939	1442	1077	1206	874	567	757	
core10	1097	601	835	990	538	1089	1393	483	816	1604	1210	1770	

	task1	task2	task3	task4	task5	task6	task7	task8	task9	task10	task11	task12	
core1	546	1465	792	746	680	1142	1123	1140	882	799	1597	1347	
core2	971	427	1726	585	300	781	1609	490	1558	871	1744	1699	
core3	500	712	1794	604	450	1108	348	1381	381	388	1707	602	
core4	924	1052	1359	1697	589	382	719	1422	1387	1373	424	779	
core5	994	1382	859	1620	875	1191	349	721	449	1097	1405	532	
core6	966	1545	1079	1254	1733	964	1690	1023	642	987	1578	399	
core7	625	1262	818	600	381	1501	571	1296	1306	1701	779	1105	
core8	999	1498	624	327	1323	858	1433	1226	1535	1647	779	322	
core9	510	538	1452	1457	720	1578	1665	1081	1698	1734	309	449	
core10	1128	1109	478	810	1398	391	1771	1761	1676	1615	1785	1456	

	task1	task2	task3	task4	task5	task6	task7	task8	task9	task10	task11	task12	
core1	1591	1659	340	1232	916	1571	743	414	337	1654	770	715	
core2	1026	1002	1014	840	574	1609	1664	1407	849	1576	1484	1474	
core3	1487	375	1027	416	905	874	906	1768	1645	1624	1274	1109	
core4	1278	631	1508	1322	1433	1643	1414	1410	423	746	755	1603	
core5	1354	1370	1397	1527	1552	1733	1454	744	416	421	1585	1636	
core6	425	634	338	322	1554	1023	597	335	935	1535	1075	1298	
core7	1432	1667	1643	1641	1227	1629	888	733	414	1755	1420	1260	
core8	1281	946	1167	1267	1273	1654	413	457	922	898	1245	1003	
core9	361	977	803	1306	1636	1373	1087	1654	1085	1709	1634	1035	
core10	625	1308	748	1165	411	1331	988	647	673	1333	977	1154	

	task1	task2	task3	task4	task5	task6	task7	task8	task9	task10	task11	task12	
core1	1183	382	988	1534	765	1546	1690	1305	1320	1413	1785	780	
core2	774	701	453	1192	464	1052	450	1432	457	1278	1502	1258	
core3	1423	901	333	1738	951	507	322	1522	339	797	646	926	
core4	389	1701	1465	1601	1101	1656	800	775	478	946	777	545	
core5	1553	529	731	1285	694	1137	1198	370	1709	712	383	820	
core6	646	680	417	501	665	420	1061	1458	599	694	1004	1231	
core7	1507	863	1606	951	540	1757	674	1263	1732	320	1219	1181	
core8	1151	1382	1450	1076	652	1344	547	485	992	1773	531	1215	
core9	1148	878	410	1612	1383	1718	1322	1127	604	1578	1773	1494	
core10	1065	1775	913	303	1489	407	1485	471	1004	1596	1259	993	

	task1	task2	task3	task4	task5	task6	task7	task8	task9	task10	task11	task12	
core1	1585	1133	561	1032	1668	770	820	1382	1707	314	1559	1161	
core2	763	916	481	919	1666	1547	895	419	1299	704	1392	767	
core3	657	1087	481	1544	1390	491	370	1412	1013	655	358	1383	
core4	969	850	1321	1230	1027	1655	1157	888	327	1374	966	1742	
core5	619	657	1250	1774	1074	1122	1644	1470	1467	423	1356	1394	
core6	956	681	878	677	629	1594	1057	1493	356	810	1424	1175	
core7	585	347	1697	750	1205	1731	396	964	1537	1723	1794	868	
core8	1616	850	688	359	639	1653	1279	968	362	1544	397	1047	
core9	634	1010	375	1212	786	1359	411	1143	770	951	1463	1166	
core10	1623	621	606	1760	882	1728	1347	978	839	1425	884	1366	

	task1	task2	task3	task4	task5	task6	task7	task8	task9	task10	task11	task12	
core1	1389	785	523	546	820	848	1266	773	895	1468	929	523	
core2	1667	345	1427	1115	1410	1294	877	829	1334	996	592	1587	
core3	602	609	632	1274	400	475	1179	803	887	1579	418	753	
core4	544	812	1227	1153	1265	1327	1104	691	776	462	1155	1337	
core5	1438	893	1032	918	640	1096	697	1760	1250	1424	427	400	
core6	1415	1738	1224	1568	588	395	1644	898	375	850	1686	366	
core7	1530	1534	1754	371	1720	1469	341	1013	630	408	1003	1106	
core8	1155	1092	1683	1157	817	983	494	966	450	750	1170	769	
core9	1337	1792	1581	870	414	826	1525	933	650	747	1076	321	
core10	752	1100	946	544	370	1037	357	969	1602	858	814	1032	

	task1	task2	task3	task4	task5	task6	task7	task8	task9	task10	task11	task12	
core1	1471	585	1541	986	1263	635	501	1618	1776	753	1647	1293	
core2	1487	729	1447	1243	767	492	1043	1485	1339	1556	960	1568	
core3	1703	454	757	1579	373	1369	1645	1637	1275	1484	1231	1337	
core4	628	1413	1257	1431	867	368	433	1032	1110	495	1140	1278	
core5	1676	383	576	1587	1692	643	557	812	666	1240	749	1119	
core6	1071	693	1534	519	1117	1690	1267	637	867	456	1313	668	
core7	1614	840	1128	1057	714	1354	662	761	1051	1622	1468	558	
core8	1207	542	1025	1422	1771	1696	1386	1714	504	511	580	1225	
core9	1056	1280	1763	1754	1576	514	536	1717	1739	308	481	1609	
core10	549	1488	320	1089	757	787	1167	1673	1291	618	370	1279	

	task1	task2	task3	task4	task5	task6	task7	task8	task9	task10	task11	task12	
core1	1296	1731	325	362	1245	1039	848	675	1503	1542	861	1013	
core2	1264	312	1317	1556	1352	541	979	300	1370	1281	1436	1503	
core3	1712	697	1004	948	400	1604	1320	1231	763	1206	878	395	
core4	999	402	819	657	1682	776	1361	1228	1692	1063	799	1489	
core5	371	332	1044	910	1723	1225	1501	1480	386	747	1103	955	
core6	981	1448	798	1145	494	986	300	1391	971	1632	1541	1108	
core7	1219	1358	732	1777	1039	1012	557	762	535	1678	1385	421	
core8	1569	1260	536	955	632	1274	1585	1210	1633	1452	1400	1651	
core9	1226	559	1304	922	362	1594	526	1399	1042	535	1360	1591	
core10	1104	1212	1190	1604	1595	530	1796	973	576	925	576	937	

	task1	task2	task3	task4	task5	task6	task7	task8	task9	task10	task11	task12	
core1	1584	524	972	1311	909	866	915	1074	1332	1050	845	1367	
core2	1217	485	1622	556	1173	1201	550	1021	1706	1207	702	411	
core3	1430	415	579	1307	561	1011	1385	1253	1675	1248	456	1054	
core4	924	1713	861	777	942	1522	1394	743	1178	1710	1090	1765	
core5	336	607	1512	354	1355	1153	1044	779	1116	1665	594	1299	
core6	1195	367	654	306	1212	1485	1070	1004	1413	465	1301	405	
core7	1294	448	1787	1532	1715	1507	848	1163	404	1355	1655	832	
core8	1424	356	1124	1431	477	657	594	1449	1288	1122	321	1306	
core9	555	1322	672	1504	1501	676	791	1033	1635	454	966	952	
core10	493	880	1587	1638	1512	995	1745	524	707	458	1025	1258	

	task1	task2	task3	task4	task5	task6	task7	task8	task9	task10	task11	task12	
core1	1525	1679	717	1381	1020	1630	820	1017	389	1699	645	1438	
core2	593	1176	1270	1148	715	1017	929	1688	1382	1692	486	1581	
core3	1519	372	1050	484	1065	1074	1177	1700	875	1618	653	1269	
core4	1407	1095	1183	1264	307	1218	1698	624	851	1062	685	1682	
core5	982	479	1004	717	534	546	419	632	1537	1797	632	694	
core6	751	723	1660	1114	1396	1043	963	804	479	1394	1655	1776	
core7	1475	935	748	1495	305	983	1759	378	1424	310	1242	1606	
core8	595	889	301	1553	1341	1083	653	685	1030	1695	496	665	
core9	1266	1596	1441	1563	1471	1729	1214	630	1567	1043	629	1657	
core10	770	300	431	1485	519	1604	1205	1429	1423	1036	876	1662	

	task1	task2	task3	task4	task5	task6	task7	task8	task9	task10	task11	task12	
core1	1090	1549	1359	1320	706	1448	405	1663	801	1755	1400	1666	
core2	354	993	951	1306	912	1654	662	1450	908	1528	317	574	
core3	1246	397	1565	370	410	1514	621	1454	1112	1716	1037	1476	
core4	978	1651	1772	1103	1188	1601	577	973	835	512	1579	362	
core5	862	488	1122	452	1109	1427	1410	1297	851	794	1602	646	
core6	429	1568	1660	1517	1177	423	660	1480	518	1305	1076	688	
core7	956	739	612	447	1427	1124	1534	1273	579	1172	751	1575	
core8	835	1054	912	1570	528	845	1536	711	1213	879	953	365	
core9	670	1454	417	689	1324	379	1123	1354	1457	1676	873	615	
core10	1271	1217	1069	1095	411	1633	1536	1601	1201	354	1602	475	

	task1	task2	task3	task4	task5	task6	task7	task8	task9	task10	task11	task12	
core1	833	1193	1197	1246	1526	522	531	1657	784	1735	709	678	
core2	1445	652	1103	1523	1531	741	760	944	1120	1185	941	763	
core3	410	343	1786	557	804	1028	1294	912	1699	875	840	1519	
core4	651	1765	776	662	1048	486	1129	1168	568	324	748	775	
core5	591	1570	933	1075	1097	881	925	950	1061	1363	684	1708	
core6	1033	1676	1223	1309	708	1066	323	821	1278	863	841	1691	
core7	926	937	1455	1272	1187	1720	745	1367	875	1086	1662	879	
core8	1102	755	769	820	1749	508	887	496	1379	1334	865	332	
core9	837	575	929	457	512	733	765	1035	1258	1502	372	717	
core10	1339	1044	1573	1305	1764	1332	1605	724	471	720	1344	862	

	task1	task2	task3	task4	task5	task6	task7	task8	task9	task10	task11	task12	
core1	662	704	567	556	912	699	1647	1062	799	1376	620	1053	
core2	699	340	832	1250	1705	1218	1715	476	417	743	1286	478	
core3	1007	1257	1152	988	1783	1687	1315	893	1742	1337	559	1509	
core4	802	373	1331	1552	590	1069	1646	903	825	1461	1556	847	
core5	376	1119	586	1480	588	1494	1236	1136	1293	778	1337	581	
core6	1377	1143	742	1718	1162	974	1027	364	1686	387	417	794	
core7	1737	1120	505	1465	1558	660	919	351	794	1691	1462	1064	
core8	1196	1040	822	1568	1302	354	695	1687	1247	1024	449	1277	
core9	1431	417	615	913	1337	370	383	1126	443	810	984	1019	
core10	1430	1740	762	762	1152	578	844	1496	608	1077	604	1157	

	task1	task2	task3	task4	task5	task6	task7	task8	task9	task10	task11	task12	
core1	635	1361	926	1351	1564	1236	1511	1735	1392	1774	370	1023	
core2	1437	1666	1613	1380	1698	1650	1791	1112	1022	1546	1049	1367	
core3	1413	722	1719	581	1126	324	1646	400	943	939	1679	1291	
core4	1300	1397	1746	392	397	1030	1561	1031	1620	490	1403	904	
core5	1619	1475	1630	1417	471	1464	506	1690	313	1629	619	954	
core6	1021	1476	394	669	1464	385	1141	344	1112	617	1393	704	
core7	1566	1668	1568	808	1746	663	1567	916	1256	676	1336	725	
core8	923	1133	1717	378	1644	1098	983	1428	1520	1175	1353	1752	
core9	1098	1074	727	378	1405	757	1657	653	802	948	1711	1181	
core10	481	1534	312	1471	1261	1375	1763	763	1513	1129	420	1149	

	task1	task2	task3	task4	task5	task6	task7	task8	task9	task10	task11	task12	
core1	1328	1681	1012	1556	1670	731	350	1011	396	509	1183	424	
core2	496	1082	850	365	1501	506	710	1000	616	546	1696	733	
core3	1643	842	1383	691	690	1000	477	669	1668	813	1452	434	
core4	448	1306	1004	1078	1769	1171	545	1773	396	852	1522	944	
core5	1277	774	639	664	890	832	1783	1413	535	1074	1367	442	
core6	425	912	462	1453	1780	1218	1173	1685	852	921	1365	1726	
core7	444	1755	1663	313	1343	669	1568	805	347	408	1181	1039	
core8	850	1192	933	632	1211	435	1778	1779	339	496	612	554	
core9	712	1095	1774	961	607	1171	1529	1616	703	798	1121	1146	
core10	844	1231	568	490	1451	1783	1339	1097	692	1493	1034	927	

	task1	task2	task3	task4	task5	task6	task7	task8	task9	task10	task11	task12	
core1	755	1348	789	1057	1760	1302	674	1427	1565	406	1276	610	
core2	1695	1614	943	1216	817	425	1578	1276	1497	461	762	920	
core3	1350	876	1244	1066	766	813	1614	1185	596	878	1112	660	
core4	873	1365	1095	1182	1284	804	1637	908	1745	1691	677	1237	
core5	1272	981	489	962	1645	1667	1425	1423	1076	357	1333	355	
core6	425	548	1097	1495	524	1728	1101	1113	1322	1522	916	307	
core7	642	986	656	1164	1461	638	1403	796	361	575	622	968	
core8	564	459	763	1771	674	495	1267	1204	973	534	1523	1368	
core9	1083	1001	866	427	1687	969	1182	1617	1041	1242	1438	1317	
core10	1315	782	479	654	425	778	350	944	1457	703	1185	484	

	task1	task2	task3	task4	task5	task6	task7	task8	task9	task10	task11	task12	
core1	865	660	471	955	393	913	925	487	922	876	1683	1041	
core2	995	1731	755	494	1575	432	864	307	429	864	1636	1404	
core3	349	1131	1720	439	944	1239	1272	648	699	384	1204	1034	
core4	1495	1289	1332	1768	663	774	1530	1392	1790	623	714	1586	
core5	694	477	1068	548	328	1355	865	456	1201	1584	1593	529	
core6	1105	1384	1092	1275	1619	1401	1147	1339	382	968	1233	911	
core7	903	596	1166	1756	1275	1192	995	1528	1165	1547	1470	538	
core8	1653	1647	306	1698	1044	732	1668	852	1108	1331	774	1599	
core9	332	1337	1249	1546	968	614	1690	1390	1163	840	741	346	
core10	782	445	1749	1124	1427	500	1175	1720	1608	1143	938	697	

	task1	task2	task3	task4	task5	task6	task7	task8	task9	task10	task11	task12	
core1	858	1326	327	1747	326	1532	1432	408	357	692	1655	587	
core2	1420	1742	1393	1085	880	1602	1185	1536	741	1050	982	1245	
core3	476	450	1245	1795	1045	1455	1310	1662	617	1415	1250	1146	
core4	786	1723	926	1074	1340	546	1300	603	465	1179	727	1689	
core5	1634	1213	1527	444	1629	821	1159	365	1182	1420	931	641	
core6	1475	507	591	1025	1105	1788	618	1071	1624	918	558	908	
core7	1257	1697	765	946	1053	735	1202	1111	1259	1606	812	1631	
core8	425	375	1598	863	1649	521	335	493	827	430	489	1203	
core9	322	1606	353	663	306	1422	358	1478	993	1043	493	341	
core10	960	485	1290	616	1595	1115	1616	401	736	1248	1155	595	

	task1	task2	task3	task4	task5	task6	task7	task8	task9	task10	task11	task12	
core1	1598	1251	947	992	680	836	855	823	1269	720	446	732	
core2	1247	311	993	519	1099	1236	343	1173	338	1577	1653	1155	
core3	1317	646	1183	1452	349	639	990	635	1771	510	1711	672	
core4	826	650	1330	624	500	923	398	1033	509	1009	1032	1144	
core5	1766	1691	1708	1578	743	683	1152	741	917	1625	1209	308	
core6	1174	1551	1291	1138	687	1714	1653	1242	931	312	1430	918	
core7	1452	492	911	1549	1411	1694	1120	644	1130	877	518	386	
core8	460	1210	525	1228	1541	981	1126	935	1035	1006	1641	430	
core9	747	1699	1779	1306	1139	1396	854	858	1135	328	1062	1372	
core10	1726	452	1495	897	1766	1650	866	1241	1473	474	983	1660	

	task1	task2	task3	task4	task5	task6	task7	task8	task9	task10	task11	task12	
core1	1205	1117	536	618	355	446	968	450	859	924	952	432	
core2	1269	1650	797	855	843	1462	703	416	1746	511	340	584	
core3	1003	1274	1520	784	531	1126	1485	581	1227	1200	1797	952	
core4	836	1523	1275	747	943	1667	903	1330	862	524	377	1115	
core5	780	388	1315	1031	1458	1648	1145	554	780	577	854	624	
core6	762	1724	702	1227	675	1243	743	308	1371	743	366	1002	
core7	1246	535	889	1774	1726	1185	640	1619	1685	1000	885	967	
core8	1401	1448	1673	506	624	1381	852	811	734	720	860	1349	
core9	1031	1537	323	605	356	742	944	1396	1483	1073	1082	578	
core10	1361	1468	1037	1017	438	1187	1537	1666	805	1444	1458	1139	

	task1	task2	task3	task4	task5	task6	task7	task8	task9	task10	task11	task12	
core1	1011	600	1712	1626	697	1346	1158	1004	484	899	1475	1083	
core2	913	1075	561	1082	1321	818	1474	911	1203	1432	945	496	
core3	476	550	1692	498	1571	1079	828	1156	902	585	361	520	
core4	1653	861	442	987	1481	409	539	1704	656	1657	494	650	
core5	459	385	1213	672	1535	358	1372	1569	879	529	633	912	
core6	554	423	364	1398	668	1292	699	935	546	721	1534	1391	
core7	625	1541	1092	989	1151	704	1474	1317	1177	1490	1438	575	
core8	1173	433	617	725	510	383	1330	948	1709	551	1456	609	
core9	558	945	636	1343	1655	1665	1411	1619	349	1463	1014	1522	
core10	689	532	1610	773	1303	1210	878	1510	1281	1362	626	562	

	task1	task2	task3	task4	task5	task6	task7	task8	task9	task10	task11	task12	
core1	1292	1199	1306	1000	468	1592	1072	533	912	864	1122	940	
core2	1237	634	342	317	1567	1473	1375	610	855	1217	874	485	
core3	1322	1483	476	1210	1191	484	694	525	1164	832	339	1732	
core4	980	1076	742	300	1295	1333	1670	860	1012	550	1229	1002	
core5	1210	1471	1369	949	1324	1730	1136	1170	1458	964	1625	1682	
core6	455	447	542	1158	1616	354	1363	1651	321	1391	1392	492	
core7	556	1540	1427	1336	846	1520	618	491	1266	1129	1622	388	
core8	1308	924	720	364	343	1135	1296	1371	904	430	811	1376	
core9	1496	777	1760	1574	966	1220	1385	950	1770	1640	1354	523	
core10	644	615	1490	1119	828	1632	858	1355	1708	1426	787	1663	

	task1	task2	task3	task4	task5	task6	task7	task8	task9	task10	task11	task12	
core1	1038	752	1076	1024	1758	1484	768	614	380	850	1438	850	
core2	372	1324	627	1791	882	866	1433	1131	344	975	1715	1736	
core3	1337	302	747	926	888	1054	614	1556	303	333	553	1789	
core4	496	1294	862	314	465	1727	1668	458	856	378	1569	797	
core5	646	369	1121	616	826	1529	1616	893	427	334	648	469	
core6	636	758	969	641	1041	1033	486	1716	1571	1557	961	1065	
core7	549	1619	404	351	351	1758	436	1145	944	1173	1762	803	
core8	1375	1271	429	1608	577	716	968	1475	752	441	413	438	
core9	1253	800	354	1427	1515	1475	344	1334	1154	614	1704	1731	
core10	1093	1289	1159	1143	425	1622	333	1450	1525	1159	777	1729	

	task1	task2	task3	task4	task5	task6	task7	task8	task9	task10	task11	task12	
core1	1309	1434	662	1278	1529	882	715	1748	1478	1024	913	1101	
core2	1020	1390	1009	1692	1760	877	413	1657	677	1624	959	1596	
core3	1169	1037	1294	1060	820	397	592	437	1013	433	1572	1513	
core4	1638	370	1335	937	1177	600	863	1124	1790	1409	1588	698	
core5	1414	1594	331	1305	1780	618	348	933	516	817	1092	1393	
core6	516	407	1149	923	308	1130	1265	1633	745	1112	905	726	
core7	1171	508	955	635	1641	653	929	382	1115	800	889	1373	
core8	404	491	1280	1727	1123	594	824	633	1069	1206	497	1416	
core9	923	1319	644	373	1581	1700	1055	947	466	848	927	710	
core10	795	1358	1629	724	1345	550	1502	1020	1407	1193	1472	775	

	task1	task2	task3	task4	task5	task6	task7	task8	task9	task10	task11	task12	
core1	1114	792	558	1374	1165	1096	889	741	1402	1736	1495	603	
core2	1338	1483	356	847	923	548	342	551	362	1735	492	381	
core3	1413	1105	702	484	803	463	455	946	1549	1006	805	646	
core4	1499	1237	1468	523	444	1560	376	636	656	566	722	1794	
core5	736	542	906	1179	1555	869	1459	1698	1096	1228	1207	1233	
core6	1201	925	311	1395	1261	1143	407	712	1017	1223	689	1632	
core7	453	484	1332	1087	815	559	523	627	1789	1747	725	1702	
core8	1787	505	606	713	1432	717	933	1055	1358	1269	313	1110	
core9	1467	736	1188	1146	671	1162	1671	663	1500	1737	456	1644	
core10	1651	640	1487	1242	489	510	1048	802	1709	597	715	461	

	task1	task2	task3	task4	task5	task6	task7	task8	task9	task10	task11	task12	
core1	697	774	1434	792	1079	805	1264	800	625	464	1366	784	
core2	1286	1436	1187	1322	1531	1359	1287	383	1411	1333	1668	1210	
core3	333	1386	530	1540	780	1220	1716	1055	1243	349	954	1664	
core4	649	337	603	845	1100	1157	1050	782	591	1632	758	573	
core5	1581	1786	1616	393	1071	1311	1116	1415	926	1393	1598	1170	
core6	531	1242	318	313	654	1595	1627	1605	954	1393	324	1155	
core7	1424	1702	1678	660	693	1274	432	514	1779	1647	349	1597	
core8	503	1351	490	757	455	1337	310	1254	1673	563	1309	1349	
core9	1737	544	592	567	555	750	1637	1094	1639	1483	930	1387	
core10	899	1490	1360	581	491	743	465	872	1132	606	1036	1038	

	task1	task2	task3	task4	task5	task6	task7	task8	task9	task10	task11	task12	
core1	1644	1305	1790	1086	1433	1672	1543	1682	1218	1127	300	1078	
core2	338	640	951	446	1328	1440	412	855	1508	323	1337	378	
core3	739	1335	1616	323	1564	1005	571	1561	361	1337	1129	1064	
core4	985	493	984	1462	1016	1107	326	1200	1350	1423	826	1192	
core5	1570	1402	1411	395	545	1608	1482	1032	1282	1776	1341	1209	
core6	1096	764	810	465	366	564	1089	430	359	788	1361	565	
core7	1292	868	1776	1123	381	1752	1698	1165	532	350	1489	825	
core8	681	1500	1279	1010	655	397	1340	879	1765	373	735	1335	
core9	1012	663	729	370	325	945	1645	807	1185	1088	716	1515	
core10	1676	475	1703	956	331	784	373	1449	608	756	1109	1435	

	task1	task2	task3	task4	task5	task6	task7	task8	task9	task10	task11	task12	
core1	1131	1255	1024	640	1283	1031	731	1177	759	331	645	652	
core2	1202	1721	557	1347	1265	982	1572	1266	1274	1154	1211	1534	
core3	1118	415	1705	748	1603	770	917	966	1435	1017	1765	356	
core4	665	864	467	1510	1608	1610	1376	328	648	1263	598	489	
core5	890	1670	675	1071	1248	1057	730	1003	1537	1205	1177	899	
core6	874	1359	1049	1327	565	1747	776	1004	483	1163	413	1699	
core7	1718	621	565	715	475	1258	1702	1283	1675	1144	1773	893	
core8	932	457	1081	640	1361	1331	583	453	898	1586	626	642	
core9	1120	363	907	1271	1688	1058	1065	658	567	798	1119	368	
core10	1320	1798	693	347	1627	1611	301	1391	1605	988	1793	722	

	task1	task2	task3	task4	task5	task6	task7	task8	task9	task10	task11	task12	
core1	1177	1464	651	1126	952	566	846	1701	1795	1052	973	636	
core2	1457	712	607	1281	688	1737	1447	426	552	1659	1759	1216	
core3	1630	1231	495	738	1041	875	1467	1209	1216	1627	1402	330	
core4	490	1491	895	1598	1574	1217	992	1796	1618	1433	593	987	
core5	1537	770	615	753	1576	1056	1162	821	634	1517	1606	1294	
core6	1191	1385	1656	1200	1665	771	1103	434	1236	1193	895	1689	
core7	643	611	1346	1389	1152	762	1397	1775	1629	701	1567	520	
core8	1108	1090	1152	1455	1245	873	1214	626	1491	1199	1712	1280	
core9	636	802	1658	1055	1588	1032	1620	1100	498	1692	1765	1247	
core10	1404	317	1391	1762	1692	882	995	891	607	636	1390	1356	

	task1	task2	task3	task4	task5	task6	task7	task8	task9	task10	task11	task12	
core1	501	1208	698	962	1574	382	1527	643	935	340	1048	1052	
core2	919	1006	1379	1071	894	445	321	1146	862	687	1462	1153	
core3	659	1186	1059	447	1722	951	911	1273	771	795	1066	520	
core4	430	1767	1622	1558	1602	876	1743	1098	322	1541	510	1592	
core5	1553	412	1341	505	923	736	624	902	430	1562	1691	478	
core6	324	1466	667	1108	920	394	1597	354	621	604	538	1261	
core7	606	1676	1454	312	1190	1504	1288	372	388	1748	1413	342	
core8	532	647	441	1444	1645	1138	550	1490	1472	308	1260	530	
core9	793	314	1726	1500	1008	427	1363	1263	486	315	1400	347	
core10	385	1290	939	842	305	1327	1000	919	1370	1702	997	1000	

	task1	task2	task3	task4	task5	task6	task7	task8	task9	task10	task11	task12	
core1	628	1353	582	888	1125	429	451	1605	1641	329	1048	1161	
core2	1628	1378	1133	1000	847	348	816	1263	715	620	1563	1643	
core3	1655	1510	1065	496	1458	1212	620	1771	1659	1146	1165	569	
core4	1795	725	1592	676	964	412	533	776	1039	411	1570	716	
core5	1087	1025	1131	480	606	1439	891	1107	773	1543	1499	645	
core6	364	863	1232	1288	821	751	1510	1720	1214	764	1606	1260	
core7	482	1242	402	620	1107	1761	374	855	1501	811	400	618	
core8	628	410	894	1747	1270	1155	1301	555	1712	1610	1361	442	
core9	1262	1416	1380	392	334	1242	1179	1438	1610	890	785	487	
core10	947	753	935	777	1265	1710	1034	1009	1710	557	1022	1363	

	task1	task2	task3	task4	task5	task6	task7	task8	task9	task10	task11	task12	
core1	936	1575	553	920	302	362	1058	1536	831	1427	1026	1178	
core2	709	1309	742	641	1420	509	885	1090	409	1657	1581	1231	
core3	1353	1687	482	1080	1751	998	1773	962	1088	1526	1465	1384	
core4	1316	1193	1483	832	1062	600	643	1372	749	387	1107	1225	
core5	544	1618	973	1480	786	471	479	406	616	1059	1649	1369	
core6	1495	627	1127	1204	1576	733	568	357	465	1295	567	1745	
core7	534	316	1307	913	479	799	1194	1766	1778	1778	975	919	
core8	1792	1094	957	704	1796	1055	1743	391	467	1627	467	1202	
core9	1239	1283	1332	1291	1194	357	500	679	1488	1362	587	674	
core10	592	1342	1486	703	725	607	1106	1574	1438	1351	815	427	

	task1	task2	task3	task4	task5	task6	task7	task8	task9	task10	task11	task12	
core1	1731	521	785	615	1208	999	531	709	1203	674	761	1737	
core2	1787	572	1632	1142	1574	923	1289	768	1499	666	568	784	
core3	847	1276	1367	1472	879	988	336	1557	1125	891	626	672	
core4	1667	914	465	751	1255	602	1311	1198	450	1118	917	991	
core5	780	1031	1724	744	1688	705	495	1552	432	768	657	1430	
core6	430	1215	393	690	1176	637	778	909	436	407	1718	1628	
core7	1581	1698	1514	1209	1519	1315	427	1677	1661	1534	1073	372	
core8	536	868	971	1496	673	482	588	1371	1403	350	1782	1605	
core9	484	702	1397	950	378	1717	628	1359	358	1579	532	648	
core10	763	1206	558	1766	733	1517	365	1528	440	1277	1345	1521	

	task1	task2	task3	task4	task5	task6	task7	task8	task9	task10	task11	task12	
core1	804	1242	1778	1689	616	1626	1780	384	1774	352	628	1018	
core2	1163	398	971	881	1600	1744	589	1631	735	1361	1785	998	
core3	1480	595	937	1149	475	1002	1736	724	308	1272	1352	1355	
core4	1250	929	380	311	1512	1161	499	1028	530	477	1132	1649	
core5	862	761	1338	702	1080	772	1222	768	1399	864	1723	374	
core6	402	1750	1061	791	1700	708	579	726	886	474	1012	1361	
core7	1680	1189	887	948	1467	723	1117	1070	1581	785	1607	872	
core8	863	1183	1436	817	686	1528	414	442	1416	1286	1559	1760	
core9	855	1068	1783	1585	1279	605	705	590	1600	1647	764	1155	
core10	852	375	783	1448	748	1786	1736	451	1012	1170	927	1175	

	task1	task2	task3	task4	task5	task6	task7	task8	task9	task10	task11	task12	
core1	1480	936	1248	1179	1218	1270	866	1491	1025	1198	1332	435	
core2	625	663	1273	532	899	1423	1099	558	1342	1373	1576	1152	
core3	1347	1482	1422	1776	796	561	1542	739	1665	1650	1579	1441	
core4	1217	1581	1263	669	1440	738	1213	745	573	1671	579	1363	
core5	1259	1528	899	396	977	1601	787	1670	779	554	1444	1447	
core6	1304	1290	1560	1326	1456	426	1291	1787	692	1202	717	415	
core7	687	989	444	405	1164	1756	1171	1578	473	1284	717	796	
core8	862	934	1662	834	1231	1710	1283	1067	791	1752	1610	911	
core9	1556	1740	422	1165	1465	625	1177	1277	1518	965	703	1639	
core10	1478	1025	782	1119	315	1457	1613	532	956	850	1295	817	

	task1	task2	task3	task4	task5	task6	task7	task8	task9	task10	task11	task12	
core1	1396	375	1229	1559	571	607	766	1135	355	651	1512	714	
core2	400	954	1272	546	1108	1663	1239	903	301	628	911	1589	
core3	965	1198	1290	1470	1184	1397	1121	1786	1264	326	786	945	
core4	599	1313	1778	1100	1153	886	1075	770	860	966	1220	468	
core5	1017	1501	481	318	1663	1060	1738	1680	1323	639	1012	1497	
core6	390	1418	1559	1105	1108	1361	1184	1542	1509	473	372	610	
core7	1247	975	1493	1267	305	363	444	1503	458	1024	1194	1577	
core8	780	460	998	335	364	1024	837	842	984	908	434	1799	
core9	1419	1117	786	1410	1449	991	900	1588	828	579	1323	624	
core10	587	457	821	1693	1730	747	1218	1294	1493	610	1155	1361	

	task1	task2	task3	task4	task5	task6	task7	task8	task9	task10	task11	task12	
core1	609	1232	690	1064	864	796	344	1743	713	1645	686	824	
core2	1291	754	629	1335	1718	837	1747	767	1115	1200	568	840	
core3	1016	1086	491	853	924	635	636	519	883	484	845	1553	
core4	1369	755	1776	1342	800	1673	1609	1202	764	1489	1135	1082	
core5	639	1424	836	1741	960	1709	1786	1298	810	1460	1209	1232	
core6	899	1626	1314	1728	1673	1183	576	1792	803	326	647	790	
core7	1126	558	1297	1362	625	1566	1542	628	1371	357	1642	1607	
core8	1150	1792	543	1200	862	528	1390	1255	526	461	1420	621	
core9	801	1319	1743	341	409	1774	325	733	1210	1647	1057	592	
core10	740	1024	1398	1476	1647	1598	1695	1110	613	425	911	1379	

	task1	task2	task3	task4	task5	task6	task7	task8	task9	task10	task11	task12	
core1	1505	832	887	1051	326	1772	590	755	1322	1105	1280	398	
core2	1322	1699	1107	873	1460	1172	1658	908	1003	820	1627	550	
core3	1243	947	1470	1265	435	1753	1781	822	734	634	795	1538	
core4	1193	812	1630	1324	1312	360	820	1190	754	932	697	359	
core5	1365	1328	1775	876	1549	1720	868	1042	789	1035	1172	1599	
core6	703	1678	1265	1338	1535	1798	1689	484	1136	1339	783	1041	
core7	1500	1072	1228	1474	930	1570	1523	633	1518	602	1772	966	
core8	1423	638	1555	1763	1097	1635	677	830	1259	1232	1694	828	
core9	683	1714	1692	1326	1636	587	1420	960	1127	1644	676	947	
core10	1522	353	924	1353	619	1573	1377	1616	691	997	1098	653	

	task1	task2	task3	task4	task5	task6	task7	task8	task9	task10	task11	task12	
core1	1159	1008	1632	938	1066	1190	547	751	880	1745	984	1131	
core2	1661	571	1252	1072	1505	604	1711	351	657	600	1264	1738	
core3	1353	393	895	1351	344	672	362	422	1587	1317	750	872	
core4	1517	302	614	699	1747	484	1756	653	688	1649	628	977	
core5	1719	462	1336	1739	567	1682	1516	697	1656	751	374	991	
core6	1706	1443	1784	915	1735	1126	1432	1743	1320	1399	1215	1630	
core7	1053	1522	1671	1369	348	714	928	1095	502	1268	487	1132	
core8	337	542	1508	404	1536	300	1089	568	756	1473	444	1019	
core9	1277	797	862	656	1391	1246	958	698	938	926	338	1522	
core10	1494	600	487	1644	905	1067	494	1043	532	846	1612	993	

	task1	task2	task3	task4	task5	task6	task7	task8	task9	task10	task11	task12	
core1	1408	1620	1169	1630	1084	815	1648	743	507	507	476	413	
core2	1682	1382	1404	589	1005	1726	419	1396	1412	1779	1429	948	
core3	592	1074	819	1148	896	1572	927	811	1703	577	653	1195	
core4	1305	1409	1298	1432	1349	573	1600	695	919	345	365	711	
core5	984	1496	628	614	1286	1408	307	965	377	1293	633	1500	
core6	1014	1655	404	1131	832	1767	1292	1040	1196	1194	665	1523	
core7	885	1357	332	1546	1595	1208	393	1245	414	619	446	1079	
core8	900	787	1387	430	719	408	1080	1498	879	434	1032	1694	
core9	862	1115	1698	1540	1422	481	1242	706	306	780	1366	1267	
core10	1753	815	1454	723	711	894	1305	920	1437	1520	815	508	

	task1	task2	task3	task4	task5	task6	task7	task8	task9	task10	task11	task12	
core1	962	1652	1218	495	306	1777	518	1413	438	1262	1414	1549	
core2	1306	1351	934	1067	1717	1460	944	1286	1627	368	995	1722	
core3	1774	1517	1252	475	1237	1686	670	1418	1737	736	368	1017	
core4	562	1424	1542	492	1043	667	778	1232	1297	1439	304	656	
core5	1769	1645	1705	1643	506	1776	1044	1154	1584	448	1199	1540	
core6	1605	505	361	829	1372	655	918	1391	649	1418	361	1211	
core7	468	1769	1433	1066	1010	1551	1427	1120	1369	1272	828	1351	
core8	830	868	935	336	1252	788	710	1682	651	813	800	1317	
core9	1013	1083	341	1521	633	1495	474	882	1790	1158	627	482	
core10	1538	835	1726	1032	820	471	1626	737	1172	1673	1280	901	

	task1	task2	task3	task4	task5	task6	task7	task8	task9	task10	task11	task12	
core1	1547	725	1789	1256	673	1500	967	1218	324	1697	429	326	
core2	1217	1540	1618	1431	866	621	1162	1718	1313	1055	1678	1115	
core3	1397	1718	1736	632	1259	948	1332	691	769	821	1685	457	
core4	556	846	1255	312	1038	1608	1757	664	946	1507	1063	1629	
core5	744	719	757	1545	1445	1222	1077	1073	1411	661	877	807	
core6	1221	383	1362	1115	1229	707	1360	686	1464	620	616	1719	
core7	839	1551	757	757	309	999	963	1498	1790	930	1365	785	
core8	1760	1123	755	1128	988	423	1207	342	1544	695	1233	502	
core9	1256	1666	1301	1606	990	1575	1428	1469	538	1065	621	871	
core10	449	608	525	664	1410	619	843	664	351	1442	1049	1296	

	task1	task2	task3	task4	task5	task6	task7	task8	task9	task10	task11	task12	
core1	957	1545	882	497	1052	1779	1348	1471	1227	408	744	1350	
core2	1000	515	860	392	1550	1692	647	578	451	499	1739	324	
core3	1566	1637	383	823	1661	1764	1173	954	884	880	696	1159	
core4	1665	514	1127	1230	1288	336	1288	1638	1425	736	816	669	
core5	1568	639	734	1254	480	939	1710	931	578	1159	893	1687	
core6	486	1342	1212	1563	507	1021	1016	1657	1094	757	435	689	
core7	1797	1440	988	645	917	1215	349	735	1581	1530	1558	1327	
core8	623	1320	1010	789	1447	1500	686	1644	1527	1412	365	1323	
core9	1260	1401	1033	738	1312	931	1005	1609	1397	950	1734	564	
core10	1658	1746	1041	1236	520	1091	1726	563	1392	1033	566	1317	

	task1	task2	task3	task4	task5	task6	task7	task8	task9	task10	task11	task12	
core1	1744	460	1654	1722	1682	1160	1223	1219	1721	1600	1077	792	
core2	1038	1236	1753	878	1140	384	1658	1206	1285	1386	1728	1291	
core3	727	652	1110	1533	1617	659	903	582	997	1422	676	838	
core4	460	1376	1095	1291	811	1791	1289	485	1408	880	1615	1263	
core5	744	1432	1465	334	1769	1298	409	1208	1259	688	319	1529	
core6	1138	1650	1440	481	1788	1321	1741	1178	904	1438	1380	1634	
core7	1587	342	1228	1474	441	1645	1178	510	683	460	1610	843	
core8	641	1465	1324	1751	1761	654	398	1357	999	1636	1597	1298	
core9	1789	1194	1594	1480	1638	1129	569	772	363	927	1227	1611	
core10	1720	1700	635	1711	1770	1096	1140	1517	740	881	1101	1182	

	task1	task2	task3	task4	task5	task6	task7	task8	task9	task10	task11	task12	
core1	1539	336	885	976	1641	1394	566	586	1455	1434	1506	1040	
core2	720	1274	841	610	1198	494	1573	402	1562	1055	621	1502	
core3	1180	1097	505	1024	1176	1231	755	1773	417	1653	999	1522	
core4	755	1057	1767	524	723	954	1382	702	1665	1752	1484	1766	
core5	760	306	1052	1334	1144	895	1374	1082	394	917	1679	913	
core6	1700	473	341	1279	978	1044	1026	1775	880	1463	363	853	
core7	1320	903	424	702	1111	1245	1092	1622	1664	473	1033	496	
core8	1048	682	591	1513	624	437	384	1167	1671	1226	1135	871	
core9	994	1615	501	1642	439	1297	363	1447	1460	380	1076	1003	
core10	408	1488	509	403	1783	1445	1225	800	1383	1064	1123	381	

	task1	task2	task3	task4	task5	task6	task7	task8	task9	task10	task11	task12	
core1	1275	1037	858	413	1568	903	844	1686	1732	898	532	897	
core2	501	1621	555	1095	1768	1410	1350	1042	1035	372	357	447	
core3	601	628	1709	692	1194	979	960	717	1285	1688	1056	1602	
core4	1361	1483	1703	685	985	564	891	1534	1054	808	1597	1020	
core5	1738	1412	1417	490	661	690	672	1436	951	962	449	1658	
core6	655	492	455	356	1754	1355	1640	912	1763	1320	942	1591	
core7	555	306	519	1430	706	886	952	1686	1087	639	1230	1681	
core8	819	591	1489	1495	1570	311	1509	785	722	311	355	571	
core9	476	706	1156	471	812	682	1194	443	1164	574	486	1768	
core10	353	583	1654	1387	395	311	1780	1718	1000	1720	1604	430	

	task1	task2	task3	task4	task5	task6	task7	task8	task9	task10	task11	task12	
core1	442	1498	1195	910	1461	1375	1205	1040	696	527	407	768	
core2	1386	472	859	1005	1657	1530	828	342	637	1462	1768	1065	
core3	554	867	539	526	1565	538	1655	316	1672	752	1090	1588	
core4	646	949	460	1448	782	1275	526	1775	420	702	1775	1193	
core5	795	1742	844	1405	1736	1575	1728	1074	671	1552	523	651	
core6	1738	675	1438	1367	980	1560	1613	904	717	883	1084	940	
core7	439	1750	529	1481	803	338	1251	943	1510	1087	1477	1795	
core8	1565	1332	565	1747	1375	1722	1197	1102	992	1761	318	1706	
core9	1275	567	1503	591	936	981	1523	1555	1685	1666	459	1511	
core10	1729	1557	1191	1579	1149	1157	1127	684	782	1612	325	1654	

	task1	task2	task3	task4	task5	task6	task7	task8	task9	task10	task11	task12	
core1	746	1566	1018	1572	840	1793	351	1025	1046	1184	464	433	
core2	1102	1651	921	1273	1398	1019	1628	454	976	1659	1261	890	
core3	871	1258	1327	483	1489	1168	1226	1510	1035	1515	1331	676	
core4	1022	619	576	1147	635	1535	1264	584	1303	703	1771	1479	
core5	1208	1103	975	336	946	841	1288	1170	1607	774	764	1733	
core6	1113	1669	848	1225	1298	979	924	1005	1359	921	938	1449	
core7	986	657	1704	1288	343	1640	1736	1075	1565	918	1257	385	
core8	1334	1282	569	1795	1677	707	1044	1443	1425	593	1523	905	
core9	461	358	1541	817	1569	414	1690	1156	1515	1423	1220	1653	
core10	980	370	460	891	1021	1083	1170	1162	1699	1348	1241	568	

	task1	task2	task3	task4	task5	task6	task7	task8	task9	task10	task11	task12	
core1	437	369	456	1069	1001	1688	1268	310	1207	568	381	1179	
core2	568	439	1454	1230	1160	891	1785	1428	1328	1793	1376	1388	
core3	1116	855	839	963	795	798	845	1431	1714	863	939	1298	
core4	375	392	824	1226	1649	1660	531	891	800	1676	1156	1430	
core5	1251	1734	614	1389	1565	1791	937	784	806	1085	1644	1609	
core6	1713	1253	836	1516	1469	445	1273	861	796	1582	1670	1761	
core7	1233	483	324	1746	1661	690	397	1636	525	1774	585	624	
core8	1083	599	481	548	1559	1428	989	1589	1351	1492	1234	1602	
core9	1367	1623	1025	1082	955	720	327	757	1008	838	1649	1486	
core10	794	1432	1528	1563	521	522	784	1685	1406	1759	1354	1487	

	task1	task2	task3	task4	task5	task6	task7	task8	task9	task10	task11	task12	
core1	454	851	556	1234	1589	1536	865	691	642	1516	401	346	
core2	1475	867	1398	685	1365	1674	1099	1549	393	633	863	1619	
core3	1507	586	1091	386	315	541	385	1157	1578	1663	914	1327	
core4	742	1007	1475	379	730	1349	448	1561	842	1390	831	794	
core5	725	776	1764	1106	975	822	1452	1701	778	1083	1423	1167	
core6	1189	961	877	1483	1329	1631	406	1214	581	659	348	1192	
core7	1735	600	1765	926	1548	631	1066	1213	838	1628	1139	331	
core8	1537	922	758	1275	675	1252	406	315	1099	346	1093	391	
core9	1690	1602	1194	614	847	1133	1647	1635	1300	1133	766	978	
core10	1158	998	551	855	404	1120	519	509	386	636	486	918	

	task1	task2	task3	task4	task5	task6	task7	task8	task9	task10	task11	task12	
core1	763	1692	1525	923	709	348	1116	855	466	339	417	372	
core2	440	1772	1740	644	1247	1713	1734	1156	484	735	625	855	
core3	1445	1697	858	1052	1084	655	1150	321	1639	446	1185	1064	
core4	915	1394	614	1137	1053	1034	1613	682	1302	985	973	1036	
core5	693	698	1335	496	548	1034	1129	1072	363	914	1402	574	
core6	1618	1135	1237	1700	458	1161	828	859	341	415	1631	686	
core7	760	1563	477	1415	1161	686	474	1716	1038	1342	489	1348	
core8	868	1496	1700	1483	979	1782	1496	1442	392	991	1499	1779	
core9	962	837	1500	1001	458	1180	498	504	352	1299	332	1481	
core10	1488	1019	1201	534	1506	454	468	1730	1557	872	1031	855	

	task1	task2	task3	task4	task5	task6	task7	task8	task9	task10	task11	task12	
core1	1432	900	1520	1580	310	1578	825	1480	1183	756	788	667	
core2	863	1643	356	323	1530	689	1233	1269	505	1531	737	1634	
core3	1562	974	564	1531	1752	1371	1008	1735	1101	1201	330	720	
core4	1751	995	1268	451	994	1729	1394	1293	1161	712	1312	1652	
core5	1796	1090	699	427	1551	1721	344	1557	1131	1390	647	1413	
core6	763	1574	740	1588	879	1222	928	536	802	949	585	1164	
core7	1021	1794	1636	961	1003	1563	531	315	335	709	812	862	
core8	1128	1513	1795	1668	743	413	1106	1503	347	611	1060	1766	
core9	1360	1580	876	1771	332	1109	498	1671	1103	491	1583	1464	
core10	616	817	546	934	737	1102	1400	1660	1644	1753	924	1323	

	task1	task2	task3	task4	task5	task6	task7	task8	task9	task10	task11	task12	
core1	1525	1091	1131	1133	1250	774	1388	683	402	1023	907	1060	
core2	751	1412	660	1681	1296	903	566	906	1414	916	1017	763	
core3	1255	624	995	1539	589	549	968	1428	1728	954	379	662	
core4	1377	1445	1468	1681	1615	759	831	801	888	1092	902	513	
core5	783	584	1309	1056	736	967	628	1053	552	1041	1004	1676	
core6	1292	848	1083	424	534	932	1679	1014	454	658	603	554	
core7	1656	656	1286	1615	1541	921	573	782	564	845	824	910	
core8	1326	1036	567	907	682	1361	742	379	522	1743	375	1640	
core9	928	707	1518	925	665	882	1791	735	1446	1778	1181	1076	
core10	1234	1778	553	1522	1777	1302	1035	325	1634	623	1598	999	

	task1	task2	task3	task4	task5	task6	task7	task8	task9	task10	task11	task12	
core1	683	1375	806	1399	931	501	662	1440	1429	1216	1510	968	
core2	821	911	946	1032	1504	1408	761	712	396	779	1557	1635	
core3	627	1301	1696	1716	1357	1061	563	872	1163	1109	738	886	
core4	903	1705	932	1739	1286	366	1098	1167	736	411	1525	811	
core5	1333	859	642	1109	1025	433	303	1646	904	934	688	1038	
core6	835	573	866	671	577	693	676	860	1468	1498	1198	1530	
core7	1653	478	1509	374	449	492	484	1060	1432	1233	1085	1242	
core8	716	1554	1653	1793	334	1690	535	1321	1461	659	428	400	
core9	1195	1367	1549	1448	1423	862	836	652	1797	550	1130	1526	
core10	1454	1549	800	1196	576	1637	1772	1277	1245	476	790	1280	

	task1	task2	task3	task4	task5	task6	task7	task8	task9	task10	task11	task12	
core1	1377	1755	400	968	531	1665	599	1593	1659	623	1606	990	
core2	1514	1516	1713	1501	648	449	794	1283	1077	350	1675	1131	
core3	582	818	1589	684	678	555	449	1348	1683	1219	698	1101	
core4	735	1493	1497	633	1261	1687	840	789	765	1460	1030	1003	
core5	1452	1771	440	1439	648	1610	330	1619	617	1029	1147	370	
core6	1492	322	1571	1746	1444	1163	1430	1750	649	490	882	494	
core7	1149	1743	971	1449	992	1692	761	1563	840	1744	603	1331	
core8	999	1332	624	1016	1213	1785	858	532	1480	931	391	1110	
core9	1071	1361	320	864	844	1086	1061	450	1205	467	615	935	
core10	843	1224	1447	920	346	883	1152	350	427	1753	1108	508	

	task1	task2	task3	task4	task5	task6	task7	task8	task9	task10	task11	task12	
core1	1333	714	370	830	1087	390	319	565	1402	1186	786	737	
core2	1280	1468	1762	321	1260	1255	1278	379	566	1279	1347	827	
core3	1027	529	1131	937	1311	1338	945	1208	708	1374	433	1326	
core4	1629	859	1291	1561	1258	531	800	846	447	363	1206	843	
core5	1226	602	1150	312	419	1620	1441	1243	1043	841	331	554	
core6	414	1101	1633	1348	807	1021	305	464	908	422	1115	711	
core7	901	340	828	1078	1783	1700	481	944	1707	1642	359	573	
core8	950	1698	1686	891	1182	865	1274	1044	1094	554	524	1709	
core9	810	481	1619	1103	1662	1487	491	1058	1742	474	510	547	
core10	643	1270	1217	1285	956	379	1281	1396	1586	1085	528	1455	

	task1	task2	task3	task4	task5	task6	task7	task8	task9	task10	task11	task12	
core1	1264	926	1709	1667	1486	541	791	1642	1771	895	1479	1768	
core2	1132	791	764	1659	601	534	771	937	301	1077	1315	1066	
core3	962	1123	864	1339	1693	358	314	841	500	340	1337	510	
core4	1212	1664	1637	1588	1203	802	1094	1721	376	883	1602	814	
core5	645	967	337	960	644	1406	911	1079	892	836	537	1667	
core6	1729	1247	436	1133	1652	1691	1589	315	1651	374	450	1442	
core7	490	1121	493	906	1393	1664	532	577	1503	1450	1699	363	
core8	1613	312	1319	1025	1503	466	1779	1518	1252	1295	1142	651	
core9	1533	1479	532	687	1290	1329	685	944	1178	378	493	1137	
core10	747	1589	1792	1753	1335	814	1729	1623	474	737	1092	1566	

	task1	task2	task3	task4	task5	task6	task7	task8	task9	task10	task11	task12	
core1	1194	1436	1286	680	585	308	1436	527	1398	612	316	491	
core2	1207	1480	1732	958	543	692	1501	1782	1395	1765	1163	1223	
core3	1144	1647	583	763	1417	410	1249	1086	921	576	579	1609	
core4	1061	983	819	774	1298	1302	998	757	580	792	1116	1409	
core5	1169	589	552	901	811	906	1485	712	378	1522	1465	1451	
core6	452	340	1323	930	1279	979	478	1696	1336	615	627	987	
core7	1645	1168	1633	1425	443	1533	713	881	406	570	1475	1251	
core8	1583	1683	1648	504	1207	985	1225	1163	594	1220	781	452	
core9	789	938	370	477	1788	1545	1627	1406	818	1517	1682	702	
core10	1310	628	318	658	1695	1488	597	1253	450	977	1308	1752	

	task1	task2	task3	task4	task5	task6	task7	task8	task9	task10	task11	task12	
core1	709	1373	560	1317	1195	1666	655	420	1474	1617	383	1644	
core2	1380	1069	1530	1136	1330	825	818	725	1105	1741	1148	1303	
core3	646	1176	1575	743	956	365	432	1068	689	625	1514	1328	
core4	1281	883	323	655	1552	502	820	300	698	1353	372	1703	
core5	906	1292	1210	505	1344	1520	1066	353	545	1435	1671	926	
core6	1638	1603	593	800	1495	435	995	591	1577	1118	1154	452	
core7	874	599	1566	826	1772	765	1555	1598	1233	348	1408	693	
core8	378	610	521	367	1790	1544	1243	1634	807	805	569	837	
core9	1533	757	953	1051	841	1286	966	935	990	1013	879	1304	
core10	547	767	303	1431	547	899	650	836	1306	1500	873	1798	

	task1	task2	task3	task4	task5	task6	task7	task8	task9	task10	task11	task12	
core1	377	1432	1642	384	1339	516	1355	1175	445	437	1034	1332	
core2	1490	493	443	1256	1596	346	1338	947	569	567	1612	390	
core3	981	1775	397	1142	380	810	690	913	1088	1786	1670	679	
core4	1584	1252	702	1635	458	1372	1409	1320	1061	1521	476	1778	
core5	753	1201	1709	1651	1422	848	1255	742	1314	1701	798	1308	
core6	1036	1149	596	397	597	1295	1186	910	1399	624	441	488	
core7	753	1748	748	1188	560	1154	1711	836	1742	1121	514	517	
core8	1771	1249	1290	900	1410	1239	1164	1203	866	1245	1516	1200	
core9	1516	1156	555	1773	1339	971	1345	1199	492	1370	1589	1721	
core10	739	951	1502	1649	1481	1106	1402	863	1428	484	339	647	

	task1	task2	task3	task4	task5	task6	task7	task8	task9	task10	task11	task12	
core1	1152	527	338	1359	592	967	1599	1454	542	1392	1494	433	
core2	503	1028	1496	451	909	1362	1401	1085	704	1226	428	1435	
core3	1123	1395	345	939	969	1444	305	870	647	1430	905	825	
core4	386	1233	1607	1187	1473	380	1517	1230	1016	777	567	903	
core5	677	1130	1657	1543	369	748	1394	1223	1201	1298	1254	437	
core6	367	468	1049	1713	1517	874	1475	1580	1776	1594	388	1730	
core7	935	940	1199	1432	1520	709	1036	1583	793	1298	537	1025	
core8	434	452	1576	380	1027	1130	412	448	775	557	994	1603	
core9	890	1724	322	1609	767	1722	944	896	1350	509	742	1793	
core10	719	1385	588	1440	847	344	1297	1145	910	1523	1568	1425	

	task1	task2	task3	task4	task5	task6	task7	task8	task9	task10	task11	task12	
core1	601	1613	1102	817	700	846	782	1616	883	1676	1686	1418	
core2	588	1037	315	1540	1230	377	351	1511	1169	1766	1030	1470	
core3	673	1064	1392	1771	1258	1671	1368	1718	878	804	1643	369	
core4	1739	1299	671	1055	308	1632	1407	508	1655	1354	1167	337	
core5	449	995	1472	1313	1185	1383	708	774	1252	570	808	1119	
core6	1535	1485	1443	1544	1167	922	458	1700	642	697	409	480	
core7	1351	657	1300	1743	1195	1764	312	1530	1247	661	1156	617	
core8	798	970	1669	1432	1438	505	363	1141	1516	1729	1653	555	
core9	309	1528	601	721	686	1519	1413	611	1577	790	1242	1218	
core10	609	880	348	978	1034	349	979	925	939	915	1313	637	

	task1	task2	task3	task4	task5	task6	task7	task8	task9	task10	task11	task12	
core1	717	1487	905	1492	424	387	674	874	1381	639	584	679	
core2	1608	1632	483	1522	664	1157	470	905	1061	1210	726	994	
core3	1728	815	1518	366	480	793	1762	452	558	1511	1782	307	
core4	1370	1567	1508	1190	1749	487	1001	1638	1600	1515	941	1413	
core5	641	1422	1181	1166	1579	1460	1591	1239	1520	1477	978	662	
core6	1624	1548	1769	588	301	1316	1065	741	1338	997	1097	1716	
core7	1711	350	852	1330	1429	1625	1136	804	397	1488	1761	844	
core8	1433	1514	1269	1048	1014	978	1045	1239	777	1681	522	1496	
core9	1770	805	322	1114	1123	1371	1747	1381	1614	1652	1441	894	
core10	512	813	581	920	1635	1753	1067	832	743	338	1123	454	

	task1	task2	task3	task4	task5	task6	task7	task8	task9	task10	task11	task12	
core1	1505	1042	481	770	1635	854	1528	1069	1747	1383	616	584	
core2	958	414	1183	830	882	903	556	1441	1119	922	1551	1423	
core3	1082	795	1564	577	1061	562	1756	937	372	908	1167	1660	
core4	358	1564	1229	1373	1799	1667	1707	1377	901	1249	413	844	
core5	609	1307	593	1004	443	818	685	1377	1428	955	658	1359	
core6	1383	1445	891	410	958	1496	1649	557	1383	730	1474	1119	
core7	672	976	1730	1343	1627	1796	442	1321	1049	395	820	945	
core8	886	1263	1449	835	488	1401	1606	1392	629	718	627	1646	
core9	535	1120	574	1417	1215	1163	1413	1035	977	949	1557	1551	
core10	1656	847	399	502	1510	562	1087	1283	893	652	527	1065	

	task1	task2	task3	task4	task5	task6	task7	task8	task9	task10	task11	task12	
core1	896	685	1521	540	618	1251	900	395	1769	744	810	1216	
core2	1224	1422	918	918	1504	1731	845	1568	446	413	671	603	
core3	1482	1208	802	1641	1381	613	691	767	406	354	312	924	
core4	1669	1179	841	896	1431	1512	955	1375	1767	482	777	985	
core5	1055	823	1166	859	378	505	1452	1433	1144	761	1620	510	
core6	1506	962	1122	467	1369	757	441	707	1117	356	1429	1558	
core7	632	1791	936	1586	1127	1414	606	576	681	1385	636	1748	
core8	622	561	464	1129	1329	984	349	1097	1234	441	503	501	
core9	905	1704	668	601	623	809	919	1772	485	431	312	1615	
core10	414	889	1169	534	585	1798	1213	792	851	1658	1418	1032	

	task1	task2	task3	task4	task5	task6	task7	task8	task9	task10	task11	task12	
core1	425	1092	1775	728	486	601	1714	1071	485	1044	1004	497	
core2	920	673	1362	943	601	478	1314	1239	352	1688	593	778	
core3	509	932	1664	718	450	610	1711	350	825	1634	853	775	
core4	1340	1286	1273	1127	1438	332	611	1210	1523	1230	937	718	
core5	399	724	1100	1277	1019	1185	1510	498	1194	803	1561	846	
core6	725	1667	568	504	324	336	1106	1005	1322	463	1089	1675	
core7	810	706	326	648	1661	469	557	1263	680	1080	585	783	
core8	936	1450	1681	758	845	1284	793	549	1292	419	514	1010	
core9	1297	1502	310	1229	634	600	1520	1588	1454	326	1224	1586	
core10	748	1526	1750	584	1712	626	1188	367	1085	720	990	371	

	task1	task2	task3	task4	task5	task6	task7	task8	task9	task10	task11	task12	
core1	550	1423	497	468	1379	1208	1787	1024	1371	794	458	1466	
core2	1726	1579	1307	922	922	758	325	1513	1426	1273	952	1063	
core3	544	1725	538	995	1536	1048	1616	973	1596	1060	531	1531	
core4	1052	549	1135	476	1661	1537	1247	1695	1413	1297	383	1431	
core5	523	566	1440	1767	1291	1756	1671	1711	883	1734	406	1796	
core6	1577	743	827	558	1344	1419	1097	841	1191	985	1249	995	
core7	1318	504	1557	1031	322	563	1099	613	834	1361	439	1468	
core8	1073	974	1021	383	1751	441	1135	891	1461	1672	1542	797	
core9	960	1413	1646	1576	1766	991	782	972	347	1163	308	994	
core10	1214	1519	582	1043	819	1672	309	1292	380	1054	1482	599	

	task1	task2	task3	task4	task5	task6	task7	task8	task9	task10	task11	task12	
core1	1785	984	300	1729	1161	881	615	1131	586	1235	736	723	
core2	768	652	668	316	764	828	1346	393	899	1779	657	1454	
core3	774	1598	1743	925	1168	1083	1688	1739	1774	1113	838	989	
core4	382	369	300	786	755	688	1183	888	963	668	1721	1187	
core5	656	1490	926	1269	392	476	558	591	1794	739	1646	451	
core6	785	970	1287	1238	717	662	1038	1364	985	987	822	1038	
core7	694	1176	1061	521	1289	672	1626	574	469	1249	1158	1520	
core8	754	1270	799	1433	1133	418	1770	567	1248	1488	1542	1080	
core9	1301	648	412	1725	1401	1003	1091	443	932	1608	1415	1294	
core10	380	1789	419	816	1153	1621	410	554	616	560	1617	1498	

	task1	task2	task3	task4	task5	task6	task7	task8	task9	task10	task11	task12	
core1	1657	1724	1687	463	309	528	1238	524	1011	1671	450	988	
core2	844	580	384	1440	1606	1058	988	1197	1007	1478	756	340	
core3	1666	1101	793	792	715	961	1488	1239	379	745	1785	653	
core4	1419	586	781	620	1766	1238	700	894	1326	879	594	467	
core5	809	721	1128	1338	593	1662	1055	1386	964	642	510	1092	
core6	409	1060	690	725	475	323	1743	620	1314	1212	636	1274	
core7	693	1408	961	544	1432	1510	451	1346	814	1087	1488	1594	
core8	549	1586	1303	886	876	1229	1763	1433	1425	1628	688	827	
core9	472	500	1318	691	1079	613	1175	936	1307	511	831	900	
core10	324	1706	1647	1442	359	1624	912	1569	721	409	1421	1550	

	task1	task2	task3	task4	task5	task6	task7	task8	task9	task10	task11	task12	
core1	1422	663	1491	1652	679	1295	722	805	1257	1584	464	685	
core2	935	536	1460	1546	330	1405	938	1214	850	1226	1282	420	
core3	943	966	1288	1501	349	1181	1554	696	1429	1726	1681	1732	
core4	1322	1142	390	434	1796	1749	768	746	884	987	311	728	
core5	1229	1596	976	1570	1692	1707	501	871	986	1778	1699	984	
core6	497	1725	1618	1380	1606	1047	854	379	1287	839	1546	1444	
core7	1113	571	1478	325	1382	1251	478	617	908	1435	1561	1191	
core8	770	752	1534	350	793	323	1030	1220	516	622	1023	1055	
core9	644	733	573	428	1306	931	508	404	588	1214	869	1590	
core10	1215	1509	821	1511	951	917	940	1668	531	1697	1751	1091	

	task1	task2	task3	task4	task5	task6	task7	task8	task9	task10	task11	task12	
core1	468	1776	1656	1258	1010	333	1139	357	897	922	1624	552	
core2	1646	1150	1551	569	937	859	1577	371	513	1556	1581	452	
core3	1536	1464	842	303	1589	802	749	653	612	1576	332	1204	
core4	1233	1135	1770	770	1205	1775	1566	477	536	918	1159	937	
core5	854	1263	1292	484	1235	1683	608	1335	1610	809	336	1391	
core6	1557	645	1291	1704	1189	847	1232	432	1543	1250	587	487	
core7	1237	1244	1765	1417	1450	1331	1126	831	888	1795	723	1647	
core8	398	900	739	1247	1204	987	830	1725	1599	1351	884	1675	
core9	1018	1633	313	1333	853	801	1040	738	1780	777	1663	921	
core10	1543	1154	751	986	1348	923	823	1011	1121	458	317	1107	

	task1	task2	task3	task4	task5	task6	task7	task8	task9	task10	task11	task12	
core1	950	598	337	1323	673	898	1716	354	317	852	862	540	
core2	316	1630	834	887	1707	409	374	956	1205	1186	386	675	
core3	1162	1359	1389	986	541	439	410	698	1140	1521	958	435	
core4	1169	1175	1293	802	507	1145	1617	1745	1682	1371	325	1147	
core5	305	326	1740	734	1080	913	853	633	990	886	1445	1581	
core6	1456	1556	1301	592	383	645	1726	1796	533	304	616	683	
core7	614	460	1103	767	1226	1140	1337	916	1241	1717	1162	313	
core8	825	423	1521	993	1642	966	306	1490	805	1627	1078	842	
core9	794	1294	767	314	582	1582	366	1544	1718	472	481	1124	
core10	1289	1247	1411	1360	1173	602	1682	1519	369	806	684	1521	

	task1	task2	task3	task4	task5	task6	task7	task8	task9	task10	task11	task12	
core1	1200	464	948	368	835	546	326	918	1469	1200	481	1412	
core2	828	1210	547	791	1652	685	430	894	1464	1463	1356	488	
core3	1048	346	723	998	690	1555	1040	592	475	1732	755	401	
core4	1019	1528	1397	446	1003	1572	1142	1294	638	1206	1668	1083	
core5	1252	1647	510	730	688	564	576	802	1703	742	1155	887	
core6	537	681	1447	406	1051	675	700	1657	447	353	833	792	
core7	955	871	1136	1130	441	1518	923	1576	1606	1332	1478	1493	
core8	401	431	686	828	1659	1593	308	682	492	416	519	632	
core9	480	945	350	1763	562	1596	356	715	371	1530	1467	1531	
core10	1460	1793	553	1440	1073	1039	1081	1582	1532	1794	1433	1344	

	task1	task2	task3	task4	task5	task6	task7	task8	task9	task10	task11	task12	
core1	1791	730	501	1033	1343	797	1181	325	1667	1144	1112	1264	
core2	1155	1516	1195	1661	1346	629	594	869	999	886	1556	325	
core3	517	1167	536	897	663	705	729	981	1740	1009	307	1235	
core4	1461	304	615	1066	1095	724	559	1295	542	1550	856	1726	
core5	572	786	1541	652	1663	510	879	789	505	1648	1397	803	
core6	414	894	1535	1158	1061	1669	1489	1336	844	1488	1096	981	
core7	940	401	543	1194	1014	1421	783	421	1276	1565	1323	1167	
core8	983	943	541	1545	1223	464	1796	1783	1373	809	942	1751	
core9	336	863	931	1367	582	1155	894	308	619	752	1646	1243	
core10	1124	816	523	1601	1692	946	694	1346	652	662	1402	1215	

	task1	task2	task3	task4	task5	task6	task7	task8	task9	task10	task11	task12	
core1	1093	736	778	379	1603	1348	448	306	1661	1188	322	963	
core2	349	1520	659	1341	409	1168	1348	667	732	1659	1139	673	
core3	1298	1340	1719	1148	391	385	351	837	352	364	339	767	
core4	939	385	506	600	976	1135	324	861	332	910	1253	815	
core5	1198	1238	478	1513	1567	473	573	354	1213	494	455	981	
core6	1791	1254	1641	685	1324	1203	1120	1068	1733	536	1424	1087	
core7	1594	1104	1545	1393	497	1488	1495	1068	1709	616	997	532	
core8	1087	1107	524	975	1079	1124	548	773	1252	1037	1028	380	
core9	1759	601	510	1345	336	866	998	1774	967	1003	650	334	
core10	715	1161	1529	769	1553	471	1660	1010	364	705	1100	1677	

	task1	task2	task3	task4	task5	task6	task7	task8	task9	task10	task11	task12	
core1	894	1495	1751	1160	1727	1181	1386	651	1430	366	1118	1751	
core2	302	1204	1408	415	786	1745	1544	1193	1718	404	884	1701	
core3	1499	942	1026	909	1763	746	1791	1040	776	741	618	1121	
core4	1565	403	913	1064	1040	1756	1529	900	1570	1227	1104	887	
core5	1654	439	1677	1304	334	1657	1411	1142	1344	1334	1233	1192	
core6	1241	1377	685	1435	1536	1494	1195	1698	360	936	1613	353	
core7	1114	1361	660	1232	1309	1724	1046	1193	1520	603	754	1157	
core8	893	1166	524	934	1608	1665	1772	1024	1331	1721	828	593	
core9	1664	987	409	777	1070	1771	395	1043	1519	918	1323	1252	
core10	1609	1657	874	933	1322	1301	496	1763	413	1219	1690	1462	

	task1	task2	task3	task4	task5	task6	task7	task8	task9	task10	task11	task12	
core1	1396	1502	1311	1750	802	966	713	330	1301	1122	1685	518	
core2	754	1557	1784	1663	806	1455	1662	1040	1427	559	788	490	
core3	498	348	1430	693	1584	623	1096	940	1132	1646	772	680	
core4	636	1199	453	969	1147	594	1629	1137	1134	1650	1693	923	
core5	471	345	1404	539	1480	1166	1614	494	621	1568	721	1003	
core6	1619	1201	387	896	1332	1430	1699	1241	1452	1371	1213	1273	
core7	320	1624	729	783	312	1656	1530	949	604	394	505	1572	
core8	1281	1344	762	325	537	1777	927	1409	1212	1542	792	557	
core9	1465	770	515	1589	1609	1503	978	1182	642	1560	1422	1201	
core10	570	1028	959	1602	741	964	699	1564	408	737	403	1639	

	task1	task2	task3	task4	task5	task6	task7	task8	task9	task10	task11	task12	
core1	883	1628	514	1393	1465	313	591	1131	1080	692	1647	766	
core2	1400	1439	307	1288	678	1599	1397	1059	521	1291	1260	895	
core3	553	378	830	1274	1267	748	524	1076	952	1707	423	1687	
core4	614	797	1027	1670	506	734	573	1708	598	1637	322	673	
core5	813	953	1278	1684	564	608	1355	522	1655	348	910	1694	
core6	733	370	676	667	1671	711	658	670	755	1300	1176	1754	
core7	963	1701	603	447	1660	1706	845	1255	699	1141	1574	1302	
core8	1145	403	1680	1513	1720	674	650	1501	574	751	852	567	
core9	1344	1611	975	1327	544	1467	846	1560	1744	1697	826	1670	
core10	1751	1283	619	1799	1286	1015	1309	1726	1016	704	819	1142	

	task1	task2	task3	task4	task5	task6	task7	task8	task9	task10	task11	task12	
core1	716	386	869	851	1286	403	359	1046	923	430	1505	827	
core2	1286	1108	303	571	918	1441	607	472	1552	1135	1060	812	
core3	1006	1312	842	1601	350	682	1378	355	1145	437	1529	1077	
core4	992	747	399	1558	1414	1449	643	1459	1516	1444	332	991	
core5	1512	820	641	821	623	580	752	1547	525	1321	1071	1029	
core6	1085	1429	344	681	370	1170	775	1136	776	1509	1525	1626	
core7	416	801	503	1320	364	1505	1645	1229	1134	933	1073	914	
core8	415	1717	1769	384	384	419	875	1255	346	580	767	1044	
core9	484	435	1226	1280	740	1219	565	1411	630	1609	1743	807	
core10	1249	1072	1094	1310	1199	1568	1232	1131	1465	1364	1188	457	

	task1	task2	task3	task4	task5	task6	task7	task8	task9	task10	task11	task12	
core1	324	1398	1790	554	1671	1296	1433	354	1652	334	1610	1315	
core2	1426	1578	1539	1772	411	1336	582	692	353	1596	1171	1196	
core3	556	1424	1372	522	483	946	1425	311	1221	1071	1049	1093	
core4	1213	1137	1436	1397	1740	793	1419	1332	1139	1457	629	302	
core5	1476	500	629	1615	775	1155	1775	945	482	1069	1377	1323	
core6	1496	416	1429	1721	1354	1547	738	943	318	541	1037	884	
core7	1317	1763	778	1399	1564	868	1344	863	587	727	1746	1383	
core8	1590	1464	845	1091	403	1732	1008	920	537	431	388	642	
core9	707	395	1172	933	306	1244	517	1208	795	782	301	1118	
core10	1231	678	1150	1099	1751	1728	1162	1432	1514	1692	869	1219	

	task1	task2	task3	task4	task5	task6	task7	task8	task9	task10	task11	task12	
core1	917	1485	538	1051	1752	1574	1282	411	560	1630	1076	1426	
core2	835	1426	1593	1564	1612	415	424	1357	826	393	1698	1106	
core3	1393	1749	612	1460	1151	1547	759	1253	688	1239	655	506	
core4	1748	1379	1186	773	448	482	314	1098	1193	488	1589	1322	
core5	725	952	972	1561	1430	1032	1511	1212	1705	824	1234	644	
core6	1484	1321	1523	302	1522	356	449	712	1556	1053	1636	1452	
core7	1414	1144	367	346	1521	753	471	1332	1211	1421	1398	1627	
core8	612	1697	944	790	1038	604	374	845	1006	656	462	1112	
core9	1775	1108	1370	496	631	1651	588	441	753	1475	1762	984	
core10	946	685	1222	715	415	1290	664	1423	1400	1209	392	1302	

	task1	task2	task3	task4	task5	task6	task7	task8	task9	task10	task11	task12	
core1	1527	1182	1485	1371	338	1637	1676	835	391	1081	1215	1789	
core2	1227	957	683	1790	1694	1470	1236	1004	504	1338	1426	1627	
core3	1444	1618	392	972	852	1511	880	1321	542	1540	379	1709	
core4	1538	1558	1531	625	1612	897	1493	350	1497	1174	863	1146	
core5	1323	722	1600	506	641	776	1524	1127	1484	1749	1555	1330	
core6	1527	1089	524	1686	1012	1011	1347	317	1211	346	1083	1203	
core7	1669	565	673	1340	1498	425	463	507	556	854	543	1263	
core8	919	335	929	1049	1115	699	1187	337	1088	1390	1498	1497	
core9	812	1510	1145	771	1443	1155	1606	1795	483	1305	966	1132	
core10	875	447	829	1273	1789	1546	1284	348	759	1179	1799	961	

	task1	task2	task3	task4	task5	task6	task7	task8	task9	task10	task11	task12	
core1	1768	1365	1622	760	1650	1622	1302	1364	527	1189	794	917	
core2	1409	1677	1559	1241	534	303	1762	1560	322	1293	364	998	
core3	1429	1154	642	728	575	1520	1503	1623	808	1140	1705	1289	
core4	574	499	1183	1537	1461	1232	1416	1510	814	1448	1128	1785	
core5	1080	466	1116	743	307	1071	1274	1192	505	1557	1077	1101	
core6	1144	1645	367	474	649	348	931	678	1740	853	723	1398	
core7	1496	1247	1378	1610	1142	1094	928	954	828	1003	494	1798	
core8	1009	935	547	1548	1590	1654	584	1079	1312	1343	1078	1663	
core9	550	300	995	579	1540	1763	766	1208	836	859	969	1441	
core10	1371	1630	516	647	1328	1593	1542	1420	1083	408	1473	1762	

	task1	task2	task3	task4	task5	task6	task7	task8	task9	task10	task11	task12	
core1	781	1287	984	436	1149	968	878	1315	756	559	1219	1540	
core2	620	1105	541	1740	872	1757	967	1562	850	641	831	421	
core3	646	605	1095	1685	1018	954	1361	1210	1311	1070	884	591	
core4	531	1666	823	1464	863	1221	691	808	1141	1624	775	1451	
core5	1797	520	762	1111	1365	986	399	1689	1312	1573	1275	528	
core6	1562	1777	1116	811	1735	799	1512	1238	1254	1091	1763	1420	
core7	1554	456	914	583	790	480	972	443	1496	1037	374	333	
core8	606	1208	1329	879	1688	1017	1723	1526	645	496	659	1480	
core9	1621	561	359	805	1730	1750	300	1409	581	1586	1448	683	
core10	867	469	1013	1090	1243	1137	1781	577	1526	1553	1721	843	

	task1	task2	task3	task4	task5	task6	task7	task8	task9	task10	task11	task12	
core1	1255	1352	339	1680	1301	1518	1420	1027	1467	1557	873	508	
core2	1372	1260	1480	646	619	646	1204	1774	909	425	1100	1457	
core3	962	662	886	1646	552	434	990	1647	1619	419	1115	363	
core4	1130	972	520	669	1681	1678	1004	1574	555	1428	614	616	
core5	307	774	687	1455	1588	1188	1345	817	941	1773	457	1689	
core6	624	1586	1315	1685	627	802	1329	924	1459	862	947	1352	
core7	792	856	1551	680	660	871	728	716	1759	1087	1313	1487	
core8	1483	1381	1608	1782	444	578	1389	1196	1704	1073	641	1017	
core9	891	1045	1215	366	1326	1118	1099	1766	1586	674	418	1748	
core10	897	492	1070	755	1549	1280	523	446	1630	1235	964	1415	

	task1	task2	task3	task4	task5	task6	task7	task8	task9	task10	task11	task12	
core1	632	1036	1136	1224	744	410	589	983	1102	1236	307	1425	
core2	728	756	1325	442	1731	1436	512	595	1607	1699	969	1372	
core3	1281	710	1297	354	313	646	1603	1628	1321	800	1430	1360	
core4	974	707	1291	459	380	1160	1507	605	756	1775	875	1111	
core5	594	457	353	1550	798	1797	947	685	1278	1418	396	821	
core6	1574	620	325	439	1254	1618	685	393	430	983	653	1424	
core7	1683	1056	1748	505	1180	1651	960	309	1295	1510	1764	844	
core8	734	1659	1508	1533	921	736	608	850	340	1387	891	835	
core9	448	603	1154	527	341	1242	377	446	688	1509	1418	1582	
core10	1334	1121	1035	1462	440	1139	737	1789	623	1061	870	489	

	task1	task2	task3	task4	task5	task6	task7	task8	task9	task10	task11	task12	
core1	1387	674	389	757	1523	885	1293	1215	1370	529	895	1712	
core2	1239	1454	1150	583	1715	632	1442	1668	948	1452	1529	772	
core3	1596	740	1064	688	1518	744	1537	368	1474	1251	1502	700	
core4	1492	1410	806	1326	1774	1352	880	1511	1798	1586	382	680	
core5	809	1042	1672	787	820	1391	1179	1067	1458	1451	954	1340	
core6	354	1768	1153	630	1262	982	1078	557	1570	1301	737	1473	
core7	439	1443	751	1505	1281	1204	1073	1425	1227	698	825	671	
core8	1184	1502	390	1157	1031	1082	414	660	1224	1240	723	1579	
core9	1186	866	1132	1156	1127	969	1173	1415	418	1251	790	1228	
core10	552	839	1614	815	645	816	322	1272	1304	1705	1614	1782	

	task1	task2	task3	task4	task5	task6	task7	task8	task9	task10	task11	task12	
core1	1636	828	1073	1479	1108	1137	1690	314	825	1211	636	1341	
core2	1663	1129	698	315	477	1686	1013	1175	539	1725	991	1388	
core3	1180	692	1347	1470	1443	1374	553	1059	752	1515	498	776	
core4	993	1632	627	461	1061	503	679	1274	877	682	896	1285	
core5	1194	786	1649	1736	595	516	451	866	487	782	1212	716	
core6	1757	934	1387	426	558	1289	1231	1096	588	1146	397	674	
core7	1726	1721	629	522	1062	845	1416	367	857	1683	728	1729	
core8	414	713	1537	1086	740	337	1568	578	1590	1736	1397	448	
core9	369	1423	931	1316	1579	983	898	1336	1558	1672	1120	1765	
core10	666	1417	893	1052	549	738	323	557	1154	302	531	372	

	task1	task2	task3	task4	task5	task6	task7	task8	task9	task10	task11	task12	
core1	1056	1337	640	1547	1752	1546	585	1521	597	1023	1074	1734	
core2	1008	1267	602	1527	575	1757	769	662	1443	1725	1483	745	
core3	312	725	1681	1358	326	1759	1151	1692	1238	1451	481	334	
core4	1457	1789	747	1545	1439	857	1331	518	1585	1399	1042	796	
core5	308	1152	1151	1763	1386	759	579	1570	318	1368	1157	424	
core6	1036	1649	911	420	1178	1029	887	1696	1158	802	323	1249	
core7	744	1313	1588	843	1011	498	1793	1059	671	520	869	905	
core8	939	1128	909	1609	420	560	441	883	498	906	1750	665	
core9	478	632	1011	1133	1360	1047	511	352	1438	785	533	323	
core10	553	587	472	1190	562	1378	1346	1065	1385	1681	584	531	

	task1	task2	task3	task4	task5	task6	task7	task8	task9	task10	task11	task12	
core1	770	814	308	527	585	1502	1580	1286	770	765	938	1009	
core2	1564	1187	734	894	1296	307	362	1665	1534	1060	1502	1577	
core3	1465	1560	1609	1320	479	1358	1552	483	1766	913	595	1193	
core4	1783	1587	1349	1522	1582	741	355	1239	327	957	1513	946	
core5	782	1309	1065	1431	647	801	1532	660	649	1199	1108	1154	
core6	337	974	1499	1753	1604	388	1173	660	1615	413	1447	368	
core7	991	1741	1778	1352	1534	1755	1523	592	1056	1178	1345	831	
core8	1345	532	1597	437	1667	1442	312	518	563	1431	568	1669	
core9	591	708	489	418	666	1439	930	822	834	310	1266	1352	
core10	1799	611	422	1329	1073	1005	801	814	1385	943	1232	757	

	task1	task2	task3	task4	task5	task6	task7	task8	task9	task10	task11	task12	
core1	729	796	861	589	1393	1522	1603	1017	938	593	1106	986	
core2	1264	1438	1148	896	1187	332	1290	948	372	1237	856	1410	
core3	1086	561	870	1242	595	553	1040	854	433	387	1229	576	
core4	331	387	1777	940	345	1742	1653	735	428	753	410	1367	
core5	1430	1471	1122	991	1722	1377	1275	1218	1773	483	416	859	
core6	400	453	1315	809	1784	1501	553	1499	558	1518	1108	1784	
core7	709	487	1307	1400	1546	357	1177	1503	1437	1144	345	1216	
core8	404	1088	1120	1318	1281	1334	1254	1124	1582	1210	1258	1317	
core9	1304	1154	1227	874	891	316	752	694	1470	1754	1782	367	
core10	1141	1196	1643	705	1698	869	1258	950	1780	1548	447	1536	

	task1	task2	task3	task4	task5	task6	task7	task8	task9	task10	task11	task12	
core1	388	1397	1519	460	348	945	719	1423	1473	1717	1573	901	
core2	1178	1762	1436	1161	1677	431	540	661	1377	963	1766	1331	
core3	1419	524	845	1516	1106	770	879	1597	1160	1423	1679	1259	
core4	1521	937	929	1659	1715	1232	324	657	1441	1332	1680	330	
core5	884	967	1218	306	839	1418	653	639	732	630	874	1002	
core6	573	1018	1187	1798	356	828	1637	534	679	1566	1004	1741	
core7	740	433	810	1624	1740	811	790	923	1226	347	1726	1509	
core8	1467	1465	1470	1483	354	1406	1300	971	1690	1702	970	1666	
core9	758	879	462	1732	813	1153	1295	319	823	1032	1306	1508	
core10	772	1162	883	1396	1141	339	414	1422	1260	1674	755	777	

	task1	task2	task3	task4	task5	task6	task7	task8	task9	task10	task11	task12	
core1	904	468	1746	390	1222	1213	1679	861	1214	697	1101	956	
core2	1273	599	651	546	377	1191	1467	454	1480	641	341	1674	
core3	1007	792	378	1650	696	991	1284	704	1459	1746	1532	1502	
core4	1644	384	932	437	1093	1005	731	1656	391	310	812	1790	
core5	1671	859	649	463	1327	1712	1708	1713	512	1672	391	1068	
core6	1005	516	527	1618	1153	1356	1233	1672	1518	361	1547	314	
core7	1064	1632	1634	1084	1368	1481	831	431	611	425	1607	1578	
core8	858	552	1004	1610	1233	568	658	1374	1216	1432	1428	1479	
core9	623	741	1070	1571	426	1274	983	1451	618	913	1630	938	
core10	321	314	325	1096	677	1220	824	417	891	1505	956	770	

	task1	task2	task3	task4	task5	task6	task7	task8	task9	task10	task11	task12	
core1	1753	1797	1123	576	1460	946	1173	1370	1374	1163	1431	327	
core2	1224	494	1206	598	1683	1596	1735	978	1283	682	424	608	
core3	1749	370	1396	1227	1050	425	927	1099	493	1304	862	387	
core4	1360	1677	1274	1359	1187	1246	1590	322	1786	1381	1759	1404	
core5	1461	1726	1586	1133	403	359	1699	1041	1417	1315	1312	424	
core6	1406	304	1791	1508	1428	804	1434	687	922	547	988	1723	
core7	310	407	323	853	1768	671	350	1214	1084	1505	903	1159	
core8	323	926	1086	1654	692	1359	872	1416	1172	1776	836	1072	
core9	711	1046	682	1400	1170	1293	1784	1217	605	898	1670	1395	
core10	401	1402	427	1483	857	635	396	1135	817	674	1273	1572	

	task1	task2	task3	task4	task5	task6	task7	task8	task9	task10	task11	task12	
core1	724	516	1592	699	1190	1789	304	314	1331	1014	813	647	
core2	1290	611	1518	1613	1080	565	698	804	717	932	771	499	
core3	700	326	1547	572	335	459	514	1316	1163	327	434	1458	
core4	1060	1202	1097	985	798	323	519	1660	1252	518	533	755	
core5	1356	1252	1665	908	660	675	1766	1232	1598	1773	565	1038	
core6	1778	1541	1368	879	864	483	343	1380	618	767	1273	465	
core7	1399	1485	997	922	602	678	1753	943	723	785	1112	1104	
core8	1325	912	389	573	967	1194	422	749	464	1428	1766	855	
core9	1036	1008	1588	1698	819	1498	556	377	622	418	558	889	
core10	1446	487	441	521	1531	1267	1751	883	1493	593	836	1409	

	task1	task2	task3	task4	task5	task6	task7	task8	task9	task10	task11	task12	
core1	565	409	766	615	575	1770	1014	1409	1249	895	1334	527	
core2	739	1719	1408	318	579	693	1498	1477	393	849	1682	813	
core3	1109	583	477	887	1413	1763	1002	589	879	1608	1485	976	
core4	1114	308	1077	332	1038	1696	1487	1445	1242	1525	303	604	
core5	641	657	628	1600	1506	499	1524	1048	1751	1365	1751	306	
core6	426	1496	914	1146	1156	1070	1476	900	1098	1395	368	692	
core7	1677	929	1006	1380	1577	1641	511	1353	1636	1372	681	1354	
core8	1419	1173	1199	1310	1640	562	325	1395	1734	1677	509	1167	
core9	1653	1572	393	1247	553	1160	1720	1609	834	1777	413	721	
core10	1725	1207	994	402	1640	458	381	353	1051	440	1312	1539	

	task1	task2	task3	task4	task5	task6	task7	task8	task9	task10	task11	task12	
core1	755	747	1259	1174	1179	1232	1010	1636	759	909	434	722	
core2	1360	968	641	951	1050	687	1532	1145	557	1350	578	1750	
core3	1027	1730	788	1689	975	1437	806	1372	934	1677	564	1497	
core4	1061	1154	960	1543	913	686	1530	360	905	1259	920	687	
core5	1106	682	364	1104	503	582	443	1700	674	1386	1167	613	
core6	1670	1518	1561	633	1503	1381	350	1220	402	686	993	358	
core7	1641	1325	1593	985	1578	1378	444	1189	1227	518	971	1600	
core8	956	520	1480	944	554	1014	305	1604	1580	614	1352	1276	
core9	665	1307	1607	816	1076	1644	1536	679	1371	956	1076	1204	
core10	1556	641	612	363	812	1063	1703	1078	376	1571	796	944	

	task1	task2	task3	task4	task5	task6	task7	task8	task9	task10	task11	task12	
core1	1540	851	588	1063	433	1656	1644	1543	1616	1471	1695	1560	
core2	1619	467	1769	808	679	462	1787	1311	816	1753	442	1745	
core3	1744	1791	1661	1594	577	1384	927	1151	1262	1279	362	1141	
core4	1549	1210	1166	887	537	1229	1566	566	385	1605	1783	1553	
core5	775	1590	528	334	1430	303	789	1197	338	1422	1456	601	
core6	450	1554	1449	1048	1441	1539	1428	915	892	1447	1603	359	
core7	1083	1474	1127	1331	1657	1676	1526	723	1526	910	409	843	
core8	1350	343	1672	326	586	783	668	1260	543	871	1302	1562	
core9	1603	467	1074	1133	1043	1460	371	894	1285	687	1787	1698	
core10	868	1653	1111	871	1713	542	835	1149	1392	1038	1037	425	

	task1	task2	task3	task4	task5	task6	task7	task8	task9	task10	task11	task12	
core1	344	414	1162	413	901	1454	1024	413	1234	1473	489	1041	
core2	929	1516	595	761	1296	768	1307	1109	892	604	1636	887	
core3	979	1793	1310	1189	1158	422	719	857	1105	1635	437	1491	
core4	344	1242	387	1753	470	1176	510	1795	884	799	335	1170	
core5	1239	469	990	906	1351	1411	577	1080	685	1051	720	1376	
core6	716	1008	707	618	1365	1657	1325	413	767	323	1299	1661	
core7	367	1689	1238	302	389	1485	1409	1097	1686	482	1013	1254	
core8	700	436	630	1309	414	1698	1172	1630	814	384	1011	424	
core9	1215	1095	682	372	1661	930	965	1400	1383	1649	1104	826	
core10	384	1189	940	864	557	1011	1446	1568	1606	384	1303	921	
