	task1	task2	task3	task4	task5	task6	task7	task8	
core1	408	670	1643	1552	1799	890	1208	1336	
core2	1346	906	372	365	685	973	786	469	
core3	1713	953	1362	1285	356	1315	549	301	
core4	1180	1572	551	1224	459	1014	1156	952	
core5	377	1694	569	786	1072	1269	905	736	
core6	1051	1436	1547	1044	737	342	712	1124	

	task1	task2	task3	task4	task5	task6	task7	task8	
core1	1320	797	719	337	1725	533	856	554	
core2	1155	1234	745	834	1629	1011	1736	941	
core3	567	1722	1488	1379	621	1569	1759	1590	
core4	632	1511	1066	954	459	508	1601	1254	
core5	1056	591	1492	474	432	944	1074	1755	
core6	621	426	1354	781	1341	1660	1679	889	

	task1	task2	task3	task4	task5	task6	task7	task8	
core1	1659	1389	1688	1229	1201	512	887	1501	
core2	402	1162	363	873	620	598	670	779	
core3	1716	1450	1315	1763	1781	1481	1780	1384	
core4	596	433	1765	1650	592	1183	1663	1713	
core5	955	1605	1551	869	1705	352	1099	1149	
core6	561	1455	1510	1646	671	1263	535	1059	

	task1	task2	task3	task4	task5	task6	task7	task8	
core1	494	562	1384	818	1277	649	793	1449	
core2	1158	770	496	873	588	503	722	1232	
core3	382	953	957	1657	1596	865	1781	836	
core4	1343	730	1210	439	381	450	520	414	
core5	490	599	1411	1248	1740	1517	1452	1466	
core6	901	1658	852	1191	1106	1425	363	1309	

	task1	task2	task3	task4	task5	task6	task7	task8	
core1	814	1515	847	1618	1123	923	425	1380	
core2	900	833	412	631	1364	1306	830	573	
core3	343	1565	1553	1364	1659	820	575	1506	
core4	1775	1130	1486	1305	1337	656	661	895	
core5	339	905	588	1618	1753	1013	1236	842	
core6	1190	917	363	760	1614	1475	580	1359	

	task1	task2	task3	task4	task5	task6	task7	task8	
core1	895	1655	1028	1714	435	1048	958	1436	
core2	702	769	471	572	467	1711	670	1624	
core3	1559	607	1765	364	1581	1368	1767	1591	
core4	1528	1631	699	398	912	1224	1216	1676	
core5	899	665	712	1561	1277	434	1108	1095	
core6	607	504	400	1521	1595	1238	1540	1639	

	task1	task2	task3	task4	task5	task6	task7	task8	
core1	609	1610	1002	1191	779	1227	1503	543	
core2	968	1460	1042	1789	1406	1639	1388	389	
core3	1295	1306	913	1330	1636	856	423	1290	
core4	560	987	1017	1546	991	1036	951	1128	
core5	470	1718	529	374	1681	333	1671	1150	
core6	1311	1002	671	354	1269	1079	1093	1150	

	task1	task2	task3	task4	task5	task6	task7	task8	
core1	1221	668	1557	1412	1770	942	307	1159	
core2	926	1514	1472	729	1594	668	530	1111	
core3	1281	427	684	1741	608	1287	1022	1379	
core4	1192	906	384	1094	1143	1512	1702	558	
core5	1417	587	1325	1627	396	1780	1492	694	
core6	712	414	712	1630	1131	1426	776	1655	

	task1	task2	task3	task4	task5	task6	task7	task8	
core1	1573	396	1457	1615	1185	1357	368	314	
core2	1721	1776	1150	589	896	629	1139	1452	
core3	1672	968	1514	709	1264	608	1401	1419	
core4	1494	304	997	1306	1052	1188	1125	1524	
core5	1601	1709	787	573	626	1226	606	1684	
core6	891	537	1031	631	1048	347	586	1622	

	task1	task2	task3	task4	task5	task6	task7	task8	
core1	1437	495	942	903	543	479	1291	1260	
core2	1271	1540	1121	318	337	1281	1437	1580	
core3	594	1151	1644	407	1759	1603	1467	806	
core4	610	1352	871	1086	580	1548	1728	695	
core5	914	888	1507	1250	1469	1352	642	601	
core6	1665	1480	1088	520	1426	480	1715	1597	

	task1	task2	task3	task4	task5	task6	task7	task8	
core1	697	1654	1698	760	393	1779	1259	1469	
core2	983	1129	1601	394	1735	1647	1195	1284	
core3	713	1052	1732	909	1524	1239	1374	602	
core4	868	1551	408	568	1527	725	923	1139	
core5	906	672	974	527	389	1630	1741	1689	
core6	1567	1017	1559	1174	901	1579	1606	761	

	task1	task2	task3	task4	task5	task6	task7	task8	
core1	1160	1570	1612	684	1690	670	365	901	
core2	499	1695	659	1167	1584	949	507	1771	
core3	1195	1399	807	569	1526	1575	1226	442	
core4	1308	1367	1431	313	563	584	346	854	
core5	344	1386	1241	1754	1693	414	456	673	
core6	1139	688	1001	604	580	1647	1346	683	

	task1	task2	task3	task4	task5	task6	task7	task8	
core1	415	561	1340	633	961	839	1364	876	
core2	1212	934	930	1196	1125	866	1233	320	
core3	417	559	1552	1630	969	1331	1388	353	
core4	811	422	1704	328	1446	1605	937	449	
core5	1148	845	1276	785	802	1240	1001	724	
core6	1655	452	1737	1555	793	1450	889	666	

	task1	task2	task3	task4	task5	task6	task7	task8	
core1	1661	1473	755	924	785	1477	613	516	
core2	1758	1430	1299	1701	1453	689	1009	1703	
core3	1598	968	479	1499	1023	1669	1672	1628	
core4	1534	876	1254	528	1005	398	945	1130	
core5	1430	1133	1712	888	501	513	699	1182	
core6	1456	981	365	542	876	734	1094	1416	

	task1	task2	task3	task4	task5	task6	task7	task8	
core1	428	666	1171	1773	435	1247	1277	681	
core2	1056	937	594	792	823	303	1455	1673	
core3	1075	1413	1642	1212	1143	1674	428	1368	
core4	1626	746	1585	1076	901	1110	1045	614	
core5	923	1734	1383	735	1162	788	1058	666	
core6	1721	474	621	1476	1391	1455	1743	774	

	task1	task2	task3	task4	task5	task6	task7	task8	
core1	847	877	808	884	1587	1292	932	699	
core2	1783	1310	1212	1157	426	420	1213	1733	
core3	1135	630	1132	1078	712	1000	422	1505	
core4	1030	1048	398	1517	437	672	1566	1150	
core5	1401	810	1583	460	976	1362	478	339	
core6	1404	315	558	323	635	1115	1680	513	

	task1	task2	task3	task4	task5	task6	task7	task8	
core1	725	545	1617	1184	1304	763	747	612	
core2	1082	1398	324	813	548	987	474	554	
core3	681	893	1152	1147	1088	728	1766	1691	
core4	1575	895	864	1771	704	685	1707	402	
core5	871	1685	1723	315	935	598	1279	1390	
core6	1793	1141	1392	481	944	810	829	1495	

	task1	task2	task3	task4	task5	task6	task7	task8	
core1	1674	478	1122	874	1185	628	997	1086	
core2	526	1339	809	856	1325	705	1045	789	
core3	886	1404	1381	1421	1768	617	1093	1619	
core4	1179	1035	954	1606	1529	1458	417	477	
core5	1263	1180	367	1730	1259	1237	572	1031	
core6	1377	1406	1699	322	853	594	331	323	

	task1	task2	task3	task4	task5	task6	task7	task8	
core1	484	895	919	400	1135	1375	1178	1242	
core2	1681	1230	818	601	810	1748	789	963	
core3	491	1577	1520	706	1121	1271	733	1020	
core4	1248	434	986	1309	1375	855	1244	1465	
core5	908	1748	1555	771	1460	1262	754	1714	
core6	1104	1051	509	902	421	1456	536	1657	

	task1	task2	task3	task4	task5	task6	task7	task8	
core1	1538	571	602	1594	908	871	953	589	
core2	398	1121	345	1786	1570	629	1671	841	
core3	1655	316	1365	439	906	438	1399	992	
core4	1674	1131	1683	1464	1554	1095	1737	340	
core5	1613	1745	1540	1103	312	305	912	1328	
core6	400	1114	1292	1261	577	677	306	912	
